 -5.29654183e-001 1.75920000e+001
 -6.80149669e-001 9.13020000e+000
 9.27159687e-002 1.36620000e+001
 -2.98872044e-001 1.18540000e+001
 -5.94333133e-001 6.82330000e+000
 5.76503139e-002 1.18860000e+001
 -1.76594462e-001 4.34830000e+000
 1.08091108e-001 1.20000000e+001
 -4.32467796e-001 6.59870000e+000
 -8.02401410e-001 3.81660000e+000
 -6.32861424e-001 3.25220000e+000
 1.55151956e+000 1.55050000e+001
 -6.26840571e-001 3.15510000e+000
 6.42396595e-002 7.22580000e+000
 -6.50949824e-001 7.16180000e-001
 -7.18471236e-001 3.51290000e+000
 -4.63683206e-001 5.30480000e+000
 -7.82891779e-001 5.60770000e-001
 -4.47093559e-001 3.65180000e+000
 -2.81403818e-001 5.38930000e+000
 -5.09240132e-001 3.13860000e+000
 3.12934483e+000 2.17670000e+001
 -6.89865724e-001 4.26300000e+000
 -4.73838550e-001 5.18750000e+000
 -6.70536976e-001 3.08250000e+000
 2.78695726e+000 2.26380000e+001
 1.20628953e+000 1.35010000e+001
 7.22812452e-001 7.04670000e+000
 1.29621472e+000 1.46920000e+001
 3.62884306e+000 2.41470000e+001
 -7.51288761e-001 -1.22000000e+000
 -4.05800327e-001 5.99660000e+000
 2.81248775e-001 1.21340000e+001
 -5.86064150e-001 1.84950000e+000
 1.32562129e-002 6.54260000e+000
 -5.85030527e-002 4.56230000e+000
 -1.65121249e-002 4.11640000e+000
 -6.59838980e-001 3.39280000e+000
 1.20835678e+000 1.01170000e+001
 -4.66784074e-001 5.49740000e+000
 -7.11365079e-001 5.56570000e-001
 -3.30061613e-001 3.91150000e+000
 9.16875140e-001 5.38540000e+000
 -6.16581864e-001 2.44060000e+000
 -8.65917534e-002 6.73180000e+000
 -2.75641371e-001 1.04630000e+000
 -7.98370281e-001 5.13370000e+000
 -6.09424026e-001 1.84400000e+000
 9.14807894e-001 8.00430000e+000
 -6.76557829e-001 1.01790000e+000
 -1.60108178e-001 6.75040000e+000
 -7.36998925e-001 1.83960000e+000
 -1.90160762e-001 4.28850000e+000
 -1.43854459e-001 4.99810000e+000
 -4.72107232e-001 1.42330000e+000
 -4.65362843e-001 -1.42110000e+000
 -4.87249806e-001 2.47560000e+000
 -6.51208229e-001 4.60420000e+000
 2.97269929e-001 3.96240000e+000
 3.34325307e-001 5.41410000e+000
 1.71994840e-001 5.16940000e+000
 -7.70178218e-001 -7.42790000e-001
 3.39007619e+000 1.79290000e+001
 1.74377341e+000 1.20540000e+001
 2.79057494e+000 1.70540000e+001
 -2.43314816e-001 4.88520000e+000
 3.49622925e-002 5.74420000e+000
 5.36501935e-001 7.77540000e+000
 -6.87462550e-001 1.01730000e+000
 3.14769163e+000 2.09920000e+001
 5.10661364e-001 6.67990000e+000
 -2.13262232e-001 4.02590000e+000
 -5.56502537e-001 1.27840000e+000
 -2.41325092e-001 3.34110000e+000
 -8.09559248e-001 -2.68070000e+000
 -4.16524164e-001 2.96780000e-001
 -1.60521627e-001 3.88450000e+000
 -8.07078554e-001 5.70140000e+000
 5.46321352e-001 6.75260000e+000
 -7.88680067e-001 2.05760000e+000
 -6.28080918e-001 4.79530000e-001
 -7.67826726e-001 2.04210000e-001
 -4.66189741e-001 6.78610000e-001
 4.15748947e-001 7.54350000e+000
 -4.24793146e-001 5.34360000e+000
 9.23542007e-002 4.24150000e+000
 2.63677186e-001 6.79810000e+000
 -5.57587841e-001 9.26950000e-001
 -6.82036031e-001 1.52000000e-001
 -8.01161063e-001 2.82140000e+000
 -6.33636641e-001 1.84510000e+000
 -1.35197867e-001 4.29590000e+000
 -5.91516510e-001 7.20290000e+000
 -7.37593258e-001 1.98690000e+000
 3.45230028e-002 1.44540000e-001
 1.35254717e+000 9.05510000e+000
 -7.03612907e-001 6.17050000e-001
